function data()
return {
	times = { 0, 50, 100, 150, 200, 250, 300, 350, 400, 450, 500, 550, 600, 650, 700, 750, 800, 850, 900, 950, 1000, 1050, 1100, 1150, 1200, 1250, 1300, 1350, 1400, 1450, 1500, },
	transfs = {
		{ 1, 0, 0, 0, 0, 1, 0, 0, 0, 0, 1, 0, 0, 0, 0, 1, },
		{ 0.97814762592316, 0.20791168510914, 0, 0, -0.20791168510914, 0.97814762592316, 0, 0, 0, 0, 1, 0, 0, 0, 0, 1, },
		{ 0.91354537010193, 0.40673664212227, 0, 0, -0.40673664212227, 0.91354537010193, 0, 0, 0, 0, 1, 0, 0, 0, 0, 1, },
		{ 0.80901700258255, 0.58778524398804, 0, 0, -0.58778524398804, 0.80901700258255, 0, 0, 0, 0, 1, 0, 0, 0, 0, 1, },
		{ 0.66913056373596, 0.74314481019974, 0, 0, -0.74314481019974, 0.66913056373596, 0, 0, 0, 0, 1, 0, 0, 0, 0, 1, },
		{ 0.5, 0.86602538824081, 0, 0, -0.86602538824081, 0.5, 0, 0, 0, 0, 1, 0, 0, 0, 0, 1, },
		{ 0.30901700258255, 0.95105654001236, 0, 0, -0.95105654001236, 0.30901700258255, 0, 0, 0, 0, 1, 0, 0, 0, 0, 1, },
		{ 0.10452846437693, 0.99452191591263, 0, 0, -0.99452191591263, 0.10452846437693, 0, 0, 0, 0, 1, 0, 0, 0, 0, 1, },
		{ -0.10452846437693, 0.99452191591263, 0, 0, -0.99452191591263, -0.10452846437693, 0, 0, 0, 0, 1, 0, 0, 0, 0, 1, },
		{ -0.30901700258255, 0.95105654001236, 0, 0, -0.95105654001236, -0.30901700258255, 0, 0, 0, 0, 1, 0, 0, 0, 0, 1, },
		{ -0.5, 0.86602538824081, 0, 0, -0.86602538824081, -0.5, 0, 0, 0, 0, 1, 0, 0, 0, 0, 1, },
		{ -0.66913056373596, 0.74314481019974, 0, 0, -0.74314481019974, -0.66913056373596, 0, 0, 0, 0, 1, 0, 0, 0, 0, 1, },
		{ -0.80901700258255, 0.58778524398804, 0, 0, -0.58778524398804, -0.80901700258255, 0, 0, 0, 0, 1, 0, 0, 0, 0, 1, },
		{ -0.91354537010193, 0.40673664212227, 0, 0, -0.40673664212227, -0.91354537010193, 0, 0, 0, 0, 1, 0, 0, 0, 0, 1, },
		{ -0.97814762592316, 0.20791168510914, 0, 0, -0.20791168510914, -0.97814762592316, 0, 0, 0, 0, 1, 0, 0, 0, 0, 1, },
		{ -1, 0, 0, 0, 0, -1, 0, 0, 0, 0, 1, 0, 0, 0, 0, 1, },
		{ -0.97814762592316, -0.20791168510914, 0, 0, 0.20791168510914, -0.97814762592316, 0, 0, 0, 0, 1, 0, 0, 0, 0, 1, },
		{ -0.91354537010193, -0.40673664212227, 0, 0, 0.40673664212227, -0.91354537010193, 0, 0, 0, 0, 1, 0, 0, 0, 0, 1, },
		{ -0.80901700258255, -0.58778524398804, 0, 0, 0.58778524398804, -0.80901700258255, 0, 0, 0, 0, 1, 0, 0, 0, 0, 1, },
		{ -0.66913056373596, -0.74314481019974, 0, 0, 0.74314481019974, -0.66913056373596, 0, 0, 0, 0, 1, 0, 0, 0, 0, 1, },
		{ -0.5, -0.86602538824081, 0, 0, 0.86602538824081, -0.5, 0, 0, 0, 0, 1, 0, 0, 0, 0, 1, },
		{ -0.30901700258255, -0.95105654001236, 0, 0, 0.95105654001236, -0.30901700258255, 0, 0, 0, 0, 1, 0, 0, 0, 0, 1, },
		{ -0.10452846437693, -0.99452191591263, 0, 0, 0.99452191591263, -0.10452846437693, 0, 0, 0, 0, 1, 0, 0, 0, 0, 1, },
		{ 0.10452846437693, -0.99452191591263, 0, 0, 0.99452191591263, 0.10452846437693, 0, 0, 0, 0, 1, 0, 0, 0, 0, 1, },
		{ 0.30901700258255, -0.95105654001236, 0, 0, 0.95105654001236, 0.30901700258255, 0, 0, 0, 0, 1, 0, 0, 0, 0, 1, },
		{ 0.5, -0.86602538824081, 0, 0, 0.86602538824081, 0.5, 0, 0, 0, 0, 1, 0, 0, 0, 0, 1, },
		{ 0.66913056373596, -0.74314481019974, 0, 0, 0.74314481019974, 0.66913056373596, 0, 0, 0, 0, 1, 0, 0, 0, 0, 1, },
		{ 0.80901700258255, -0.58778524398804, 0, 0, 0.58778524398804, 0.80901700258255, 0, 0, 0, 0, 1, 0, 0, 0, 0, 1, },
		{ 0.91354537010193, -0.40673664212227, 0, 0, 0.40673664212227, 0.91354537010193, 0, 0, 0, 0, 1, 0, 0, 0, 0, 1, },
		{ 0.97814762592316, -0.20791168510914, 0, 0, 0.20791168510914, 0.97814762592316, 0, 0, 0, 0, 1, 0, 0, 0, 0, 1, },
		{ 1, 0, 0, 0, 0, 1, 0, 0, 0, 0, 1, 0, 0, 0, 0, 1, },
	},
}
end
